0 200 124 45 59 67 52 68 0 20 0 31 20 0 0 0 9 3 19 0
200 37 36 8 2 0 2 0 0 1 0 0 0 0 0 0 0 0 0 0
124 36 0 9 4 4 7 0 24 16 0 0 6 0 0 0 0 0 0 0
45 8 9 0 0 2 0 0 4 0 0 0 0 1 0 0 0 14 1 0
59 2 4 0 0 0 2 0 0 1 0 0 0 1 0 0 0 1 0 0
67 0 4 2 0 0 1 0 0 0 0 0 0 0 0 0 0 0 0 0
52 2 7 0 2 1 1 0 0 0 0 0 0 0 0 0 0 0 0 0
68 0 0 0 0 0 0 0 0 0 0 0 0 0 0 0 0 0 0 0
0 0 24 4 0 0 0 0 0 0 0 0 1 27 0 0 0 0 0 0
20 1 16 0 1 0 0 0 0 0 0 0 0 0 0 0 0 0 0 0
0 0 0 0 0 0 0 0 0 0 0 0 0 0 0 0 0 0 0 0
31 0 0 0 0 0 0 0 0 0 0 0 0 0 0 0 0 0 0 0
20 0 6 0 0 0 0 0 1 0 0 0 0 0 0 0 0 0 0 0
0 0 0 1 1 0 0 0 27 0 0 0 0 0 0 0 0 0 0 0
0 0 0 0 0 0 0 0 0 0 0 0 0 0 0 0 0 0 0 0
0 0 0 0 0 0 0 0 0 0 0 0 0 0 0 0 0 0 0 0
9 0 0 0 0 0 0 0 0 0 0 0 0 0 0 0 0 0 1 9
3 0 0 14 1 0 0 0 0 0 0 0 0 0 0 0 0 0 0 0
19 0 0 1 0 0 0 0 0 0 0 0 0 0 0 0 1 0 0 0
