0.23809524 0.1904762 0.26190478 0.11904762 0.23809524 0.26190478 0.26190478 0.26190478 0.21428572 0.26190478 0.23809524 0.30952382 0.1904762 0.1904762 0.16666667 0.23809524 0.16666667 0.21428572 0.26190478 0.0 0 0 0 0 0 0 0 0 0 0 0 0 0 0 0 0 0 0 0 0 0 0 0 0 0 0 0 0 0 0 0 0 0 0 0 0 0 0 0 0
0.26666668 0.31111112 0.06666667 0.11111111 0.06666667 0.13333334 0.13333334 0.11111111 0.11111111 0.0 0 0 0 0 0 0 0 0 0 0 0 0 0 0 0 0 0 0 0 0 0 0 0 0 0 0 0 0 0 0 0 0 0 0 0 0 0 0 0 0 0 0 0 0 0 0 0 0 0 0
0.46341464 0.14634146 0.34146342 0.34146342 0.5365854 0.2682927 0.19512194 0.29268292 0.3902439 0.19512194 0.14634146 0.31707317 0.24390244 0.17073171 0.0 0 0 0 0 0 0 0 0 0 0 0 0 0 0 0 0 0 0 0 0 0 0 0 0 0 0 0 0 0 0 0 0 0 0 0 0 0 0 0 0 0 0 0 0 0
0.4 0.114285715 0.42857143 0.2 0.2857143 0.17142858 0.25714287 0.25714287 0.17142858 0.2857143 0.08571429 0.2857143 0.2 0.2857143 0.2857143 0.114285715 0 0 0 0 0 0 0 0 0 0 0 0 0 0 0 0 0 0 0 0 0 0 0 0 0 0 0 0 0 0 0 0 0 0 0 0 0 0 0 0 0 0 0 0
0.22222222 0.7037037 0.2962963 0.22222222 0.18518518 0.18518518 0.25925925 0.11111111 0.22222222 0.2962963 0.18518518 0.18518518 0.18518518 0.14814815 0.14814815 0.11111111 0.18518518 0.11111111 0.074074075 0.14814815 0.037037037 0.18518518 0.0 0 0 0 0 0 0 0 0 0 0 0 0 0 0 0 0 0 0 0 0 0 0 0 0 0 0 0 0 0 0 0 0 0 0 0 0 0
0.5862069 0.37931034 0.1724138 0.20689656 0.1724138 0.1724138 0.3448276 0.13793103 0.20689656 0.1724138 0.27586207 0.1724138 0 0 0 0 0 0 0 0 0 0 0 0 0 0 0 0 0 0 0 0 0 0 0 0 0 0 0 0 0 0 0 0 0 0 0 0 0 0 0 0 0 0 0 0 0 0 0 0
0.75 0.041666668 0.29166666 0.25 0.125 0.375 0.29166666 0.20833333 0.083333336 0.25 0.125 0.125 0.125 0.083333336 0.29166666 0.20833333 0 0 0 0 0 0 0 0 0 0 0 0 0 0 0 0 0 0 0 0 0 0 0 0 0 0 0 0 0 0 0 0 0 0 0 0 0 0 0 0 0 0 0 0
0.7083333 0.25 0.33333334 0.33333334 0.41666666 0.375 0.29166666 0.29166666 0.29166666 0.041666668 0 0 0 0 0 0 0 0 0 0 0 0 0 0 0 0 0 0 0 0 0 0 0 0 0 0 0 0 0 0 0 0 0 0 0 0 0 0 0 0 0 0 0 0 0 0 0 0 0 0
0.4 0.114285715 0.42857143 0.2 0.2857143 0.17142858 0.25714287 0.25714287 0.17142858 0.2857143 0.08571429 0.2857143 0.2 0.2857143 0.2857143 0.114285715 0 0 0 0 0 0 0 0 0 0 0 0 0 0 0 0 0 0 0 0 0 0 0 0 0 0 0 0 0 0 0 0 0 0 0 0 0 0 0 0 0 0 0 0
0.46666667 0.13333334 0.13333334 0.26666668 0.13333334 0.2 0.2 0.2 0.2 0.2 0.13333334 0.26666668 0.13333334 0.26666668 0.13333334 0.13333334 0.2 0.06666667 0.2 0.2 0.2 0.13333334 0.2 0.06666667 0.2 0.26666668 0.13333334 0.2 0.2 0.2 0.13333334 0.26666668 0.06666667 0.13333334 0.26666668 0.2 0.0 0 0 0 0 0 0 0 0 0 0 0 0 0 0 0 0 0 0 0 0 0 0 0
0.5 0.125 0.0625 0.09375 0.03125 0.09375 0.09375 0.09375 0.09375 0.0625 0.09375 0.125 0.0625 0.0625 0.125 0.0625 0.1875 0.0625 0.03125 0.0 0 0 0 0 0 0 0 0 0 0 0 0 0 0 0 0 0 0 0 0 0 0 0 0 0 0 0 0 0 0 0 0 0 0 0 0 0 0 0 0
0.28 0.68 0.2 0.28 0.08 0.24 0.16 0.32 0.16 0.32 0.16 0.28 0.24 0.2 0.28 0.16 0.24 0.24 0.2 0.32 0.24 0.32 0.04 0 0 0 0 0 0 0 0 0 0 0 0 0 0 0 0 0 0 0 0 0 0 0 0 0 0 0 0 0 0 0 0 0 0 0 0 0
0.73333335 0.53333336 0.23333333 0.43333334 0.33333334 0.06666667 0.13333334 0.26666668 0.16666667 0.2 0.2 0.1 0.23333333 0.1 0.2 0.16666667 0.2 0.3 0.33333334 0.2 0.33333334 0.23333333 0.1 0.0 0 0 0 0 0 0 0 0 0 0 0 0 0 0 0 0 0 0 0 0 0 0 0 0 0 0 0 0 0 0 0 0 0 0 0 0
0.6458333 0.125 0.22916667 0.20833333 0.125 0.22916667 0.104166664 0.125 0.125 0.104166664 0.104166664 0.104166664 0.125 0.083333336 0.14583333 0.104166664 0.14583333 0.20833333 0.14583333 0.22916667 0.16666667 0.16666667 0.25 0.041666668 0.125 0.16666667 0.104166664 0.0 0 0 0 0 0 0 0 0 0 0 0 0 0 0 0 0 0 0 0 0 0 0 0 0 0 0 0 0 0 0 0 0
0.3220339 0.47457626 0.16949153 0.13559322 0.18644068 0.18644068 0.16949153 0.15254237 0.118644066 0.10169491 0.16949153 0.13559322 0.084745765 0.084745765 0.084745765 0.16949153 0.118644066 0.16949153 0.23728813 0.10169491 0.118644066 0.016949153 0 0 0 0 0 0 0 0 0 0 0 0 0 0 0 0 0 0 0 0 0 0 0 0 0 0 0 0 0 0 0 0 0 0 0 0 0 0
0.71428573 0.42857143 0.2857143 0.14285715 0.14285715 0.35714287 0.14285715 0.14285715 0.2857143 0.21428572 0.2857143 0.14285715 0.21428572 0.14285715 0.14285715 0.2857143 0.14285715 0.2857143 0.14285715 0.35714287 0.21428572 0 0 0 0 0 0 0 0 0 0 0 0 0 0 0 0 0 0 0 0 0 0 0 0 0 0 0 0 0 0 0 0 0 0 0 0 0 0 0
0.6666667 0.27272728 0.030303031 0.18181819 0.18181819 0.18181819 0.09090909 0.15151516 0.09090909 0.060606062 0.18181819 0.15151516 0.060606062 0.18181819 0.15151516 0.060606062 0.060606062 0.09090909 0.030303031 0.060606062 0.060606062 0 0 0 0 0 0 0 0 0 0 0 0 0 0 0 0 0 0 0 0 0 0 0 0 0 0 0 0 0 0 0 0 0 0 0 0 0 0 0
0.06666667 0.13333334 0.23333333 0.3 0.1 0.23333333 0.23333333 0.33333334 0.13333334 0.033333335 0.2 0.13333334 0.06666667 0.06666667 0.2 0.033333335 0.06666667 0.1 0.06666667 0.23333333 0.033333335 0.06666667 0.1 0.033333335 0.06666667 0.1 0 0 0 0 0 0 0 0 0 0 0 0 0 0 0 0 0 0 0 0 0 0 0 0 0 0 0 0 0 0 0 0 0 0
0.73333335 0.4 0.1 0.1 0.26666668 0.23333333 0.26666668 0.23333333 0.2 0.1 0.13333334 0.3 0.13333334 0.13333334 0.16666667 0.13333334 0.13333334 0.13333334 0.1 0.0 0 0 0 0 0 0 0 0 0 0 0 0 0 0 0 0 0 0 0 0 0 0 0 0 0 0 0 0 0 0 0 0 0 0 0 0 0 0 0 0
0.2972973 0.5945946 0.10810811 0.35135135 0.16216215 0.21621622 0.24324325 0.24324325 0.16216215 0.24324325 0.24324325 0.2972973 0.1891892 0.10810811 0.21621622 0.0 0 0 0 0 0 0 0 0 0 0 0 0 0 0 0 0 0 0 0 0 0 0 0 0 0 0 0 0 0 0 0 0 0 0 0 0 0 0 0 0 0 0 0 0
0.75757575 0.18181819 0.15151516 0.15151516 0.121212125 0.24242425 0.121212125 0.121212125 0.09090909 0.21212122 0.18181819 0.18181819 0.09090909 0.21212122 0.3030303 0 0 0 0 0 0 0 0 0 0 0 0 0 0 0 0 0 0 0 0 0 0 0 0 0 0 0 0 0 0 0 0 0 0 0 0 0 0 0 0 0 0 0 0 0
0.6388889 0.16666667 0.19444445 0.1388889 0.11111111 0.1388889 0.30555555 0.11111111 0.055555556 0.16666667 0.11111111 0.1388889 0.0 0 0 0 0 0 0 0 0 0 0 0 0 0 0 0 0 0 0 0 0 0 0 0 0 0 0 0 0 0 0 0 0 0 0 0 0 0 0 0 0 0 0 0 0 0 0 0
0.6666667 0.060606062 0.0 0 0 0 0 0 0 0 0 0 0 0 0 0 0 0 0 0 0 0 0 0 0 0 0 0 0 0 0 0 0 0 0 0 0 0 0 0 0 0 0 0 0 0 0 0 0 0 0 0 0 0 0 0 0 0 0 0
0.2195122 0.17073171 0.19512194 0.2682927 0.2195122 0.12195122 0.19512194 0.12195122 0.19512194 0.07317073 0.14634146 0.14634146 0.09756097 0.09756097 0.17073171 0.12195122 0.09756097 0.07317073 0.12195122 0.09756097 0.2195122 0.17073171 0 0 0 0 0 0 0 0 0 0 0 0 0 0 0 0 0 0 0 0 0 0 0 0 0 0 0 0 0 0 0 0 0 0 0 0 0 0
0.59090906 0.3181818 0.09090909 0.22727273 0.27272728 0.13636364 0.045454547 0.13636364 0.09090909 0.045454547 0.18181819 0.045454547 0.09090909 0.045454547 0.09090909 0.18181819 0.18181819 0.045454547 0.27272728 0.045454547 0.18181819 0.0 0 0 0 0 0 0 0 0 0 0 0 0 0 0 0 0 0 0 0 0 0 0 0 0 0 0 0 0 0 0 0 0 0 0 0 0 0 0
0.67741936 0.06451613 0.0 0 0 0 0 0 0 0 0 0 0 0 0 0 0 0 0 0 0 0 0 0 0 0 0 0 0 0 0 0 0 0 0 0 0 0 0 0 0 0 0 0 0 0 0 0 0 0 0 0 0 0 0 0 0 0 0 0
0.6296296 0.18518518 0.11111111 0.18518518 0.14814815 0.18518518 0.14814815 0.25925925 0.18518518 0.074074075 0.11111111 0 0 0 0 0 0 0 0 0 0 0 0 0 0 0 0 0 0 0 0 0 0 0 0 0 0 0 0 0 0 0 0 0 0 0 0 0 0 0 0 0 0 0 0 0 0 0 0 0
0.7037037 0.074074075 0.0 0 0 0 0 0 0 0 0 0 0 0 0 0 0 0 0 0 0 0 0 0 0 0 0 0 0 0 0 0 0 0 0 0 0 0 0 0 0 0 0 0 0 0 0 0 0 0 0 0 0 0 0 0 0 0 0 0
0.5 0.26923078 0.115384616 0.07692308 0.07692308 0.1923077 0.23076923 0.07692308 0.115384616 0.115384616 0.03846154 0.03846154 0.03846154 0.15384616 0.115384616 0.26923078 0.115384616 0.07692308 0.115384616 0.15384616 0.115384616 0.03846154 0.0 0 0 0 0 0 0 0 0 0 0 0 0 0 0 0 0 0 0 0 0 0 0 0 0 0 0 0 0 0 0 0 0 0 0 0 0 0
0.6666667 0.33333334 0.26666668 0.2 0.2 0.13333334 0.2 0.26666668 0.2 0.33333334 0.4 0.46666667 0.2 0.13333334 0.26666668 0.06666667 0.0 0 0 0 0 0 0 0 0 0 0 0 0 0 0 0 0 0 0 0 0 0 0 0 0 0 0 0 0 0 0 0 0 0 0 0 0 0 0 0 0 0 0 0
0.5416667 0.125 0.125 0.16666667 0.25 0.041666668 0.0 0 0 0 0 0 0 0 0 0 0 0 0 0 0 0 0 0 0 0 0 0 0 0 0 0 0 0 0 0 0 0 0 0 0 0 0 0 0 0 0 0 0 0 0 0 0 0 0 0 0 0 0 0
0.75 0.33333334 0.25 0.083333336 0.083333336 0.083333336 0.41666666 0.25 0.16666667 0.25 0.16666667 0 0 0 0 0 0 0 0 0 0 0 0 0 0 0 0 0 0 0 0 0 0 0 0 0 0 0 0 0 0 0 0 0 0 0 0 0 0 0 0 0 0 0 0 0 0 0 0 0
0.6818182 0.3181818 0.22727273 0.27272728 0.22727273 0.18181819 0.18181819 0.36363637 0.13636364 0.3181818 0.27272728 0.13636364 0.22727273 0.22727273 0.18181819 0.045454547 0 0 0 0 0 0 0 0 0 0 0 0 0 0 0 0 0 0 0 0 0 0 0 0 0 0 0 0 0 0 0 0 0 0 0 0 0 0 0 0 0 0 0 0
0.52380955 0.0952381 0.0 0 0 0 0 0 0 0 0 0 0 0 0 0 0 0 0 0 0 0 0 0 0 0 0 0 0 0 0 0 0 0 0 0 0 0 0 0 0 0 0 0 0 0 0 0 0 0 0 0 0 0 0 0 0 0 0 0
0.3617021 0.42553192 0.40425533 0.4893617 0.38297874 0.38297874 0.3617021 0.29787233 0.19148937 0.38297874 0.23404256 0.29787233 0.23404256 0.12765957 0.21276596 0.21276596 0.27659574 0.0 0 0 0 0 0 0 0 0 0 0 0 0 0 0 0 0 0 0 0 0 0 0 0 0 0 0 0 0 0 0 0 0 0 0 0 0 0 0 0 0 0 0
0.7083333 0.25 0.125 0.083333336 0.20833333 0.041666668 0.125 0.20833333 0.29166666 0.33333334 0.125 0.16666667 0.20833333 0.16666667 0.375 0.125 0.16666667 0.083333336 0.20833333 0.125 0.041666668 0.20833333 0.083333336 0.0 0 0 0 0 0 0 0 0 0 0 0 0 0 0 0 0 0 0 0 0 0 0 0 0 0 0 0 0 0 0 0 0 0 0 0 0
0.5625 0.3125 0.25 0.1875 0.1875 0.1875 0.125 0.125 0.1875 0.1875 0.1875 0.1875 0.1875 0.0625 0.1875 0.125 0.1875 0.0625 0 0 0 0 0 0 0 0 0 0 0 0 0 0 0 0 0 0 0 0 0 0 0 0 0 0 0 0 0 0 0 0 0 0 0 0 0 0 0 0 0 0
0.23076923 0.34615386 0.26923078 0.23076923 0.23076923 0.30769232 0.30769232 0.115384616 0.26923078 0.26923078 0.26923078 0.23076923 0.30769232 0.26923078 0.34615386 0.23076923 0.26923078 0.1923077 0.30769232 0.23076923 0.30769232 0.23076923 0.23076923 0.26923078 0.0 0 0 0 0 0 0 0 0 0 0 0 0 0 0 0 0 0 0 0 0 0 0 0 0 0 0 0 0 0 0 0 0 0 0 0
0.6875 0.1875 0.25 0.25 0.1875 0.125 0.0625 0.125 0.1875 0.25 0.3125 0.3125 0.25 0 0 0 0 0 0 0 0 0 0 0 0 0 0 0 0 0 0 0 0 0 0 0 0 0 0 0 0 0 0 0 0 0 0 0 0 0 0 0 0 0 0 0 0 0 0 0
0.7037037 0.2962963 0.33333334 0.22222222 0.22222222 0.2962963 0.44444445 0.33333334 0.4074074 0.37037036 0.22222222 0.25925925 0.33333334 0 0 0 0 0 0 0 0 0 0 0 0 0 0 0 0 0 0 0 0 0 0 0 0 0 0 0 0 0 0 0 0 0 0 0 0 0 0 0 0 0 0 0 0 0 0 0
0.35555556 0.44444445 0.13333334 0.24444444 0.08888889 0.11111111 0.13333334 0.17777778 0.11111111 0.24444444 0.13333334 0.22222222 0.2 0.06666667 0.13333334 0.17777778 0.15555556 0.06666667 0.26666668 0.11111111 0.06666667 0 0 0 0 0 0 0 0 0 0 0 0 0 0 0 0 0 0 0 0 0 0 0 0 0 0 0 0 0 0 0 0 0 0 0 0 0 0 0
0.1388889 0.1388889 0.16666667 0.25 0.1388889 0.11111111 0.083333336 0.22222222 0.11111111 0.1388889 0.055555556 0.083333336 0.083333336 0.055555556 0.11111111 0.16666667 0.11111111 0.16666667 0.1388889 0.0 0 0 0 0 0 0 0 0 0 0 0 0 0 0 0 0 0 0 0 0 0 0 0 0 0 0 0 0 0 0 0 0 0 0 0 0 0 0 0 0
0.8181818 0.36363637 0.45454547 0.45454547 0.36363637 0.27272728 0.45454547 0.18181819 0.36363637 0.27272728 0.36363637 0.36363637 0.36363637 0.36363637 0.36363637 0.27272728 0.27272728 0.27272728 0.36363637 0.36363637 0.27272728 0.18181819 0.27272728 0 0 0 0 0 0 0 0 0 0 0 0 0 0 0 0 0 0 0 0 0 0 0 0 0 0 0 0 0 0 0 0 0 0 0 0 0
0.2 0.05 0.45 0.25 0.3 0.1 0.25 0.15 0.1 0.1 0.15 0.2 0.05 0.2 0.15 0.15 0.25 0.25 0.1 0.05 0.2 0.2 0 0 0 0 0 0 0 0 0 0 0 0 0 0 0 0 0 0 0 0 0 0 0 0 0 0 0 0 0 0 0 0 0 0 0 0 0 0
0.34285715 0.4 0.14285715 0.08571429 0.14285715 0.057142857 0.057142857 0.08571429 0.114285715 0.14285715 0.057142857 0 0 0 0 0 0 0 0 0 0 0 0 0 0 0 0 0 0 0 0 0 0 0 0 0 0 0 0 0 0 0 0 0 0 0 0 0 0 0 0 0 0 0 0 0 0 0 0 0
0.4117647 0.14705883 0.2647059 0.3529412 0.1764706 0.1764706 0.23529412 0.20588236 0.23529412 0.14705883 0.05882353 0.1764706 0.1764706 0.29411766 0.23529412 0.29411766 0.14705883 0.14705883 0.0882353 0.05882353 0.0882353 0.14705883 0.14705883 0.11764706 0.11764706 0.14705883 0.05882353 0.1764706 0.11764706 0.11764706 0.11764706 0.20588236 0.11764706 0.1764706 0.0882353 0 0 0 0 0 0 0 0 0 0 0 0 0 0 0 0 0 0 0 0 0 0 0 0 0
0.1 0.1 0.13333334 0.36666667 0.5 0.13333334 0.16666667 0.1 0.2 0.1 0.13333334 0.16666667 0.2 0.16666667 0.16666667 0.13333334 0.16666667 0.16666667 0.2 0.13333334 0.13333334 0.06666667 0.1 0.1 0.06666667 0.59375 0.34375 0.21875 0.3125 0.34375 0.25 0.3125 0.25 0.3125 0.09375 0.25 0.25 0.1875 0.09375 0.09375 0.21875 0.28125 0.125 0.15625 0.1875 0.25 0.0 0 0 0 0 0 0 0 0 0 0 0 0 0
0.41935483 0.22580644 0.3548387 0.2580645 0.2580645 0.12903225 0.16129032 0.09677419 0.12903225 0 0 0 0 0 0 0 0 0 0 0 0 0 0 0 0 0 0 0 0 0 0 0 0 0 0 0 0 0 0 0 0 0 0 0 0 0 0 0 0 0 0 0 0 0 0 0 0 0 0 0
0.75 0.125 0.3125 0.0625 0.125 0.125 0.125 0.3125 0.125 0.25 0.3125 0.0625 0.125 0.0625 0.1875 0.0625 0.125 0.125 0.0625 0.125 0.0625 0.0625 0.0625 0 0 0 0 0 0 0 0 0 0 0 0 0 0 0 0 0 0 0 0 0 0 0 0 0 0 0 0 0 0 0 0 0 0 0 0 0
0.6666667 0.2 0.23333333 0.23333333 0.033333335 0.16666667 0.2 0.13333334 0.23333333 0.26666668 0.16666667 0.36666667 0.3 0 0 0 0 0 0 0 0 0 0 0 0 0 0 0 0 0 0 0 0 0 0 0 0 0 0 0 0 0 0 0 0 0 0 0 0 0 0 0 0 0 0 0 0 0 0 0
0.03846154 0.53846157 0.15384616 0.03846154 0.15384616 0.1923077 0.07692308 0.03846154 0.03846154 0.15384616 0.07692308 0.15384616 0.07692308 0.23076923 0.07692308 0.115384616 0.07692308 0.07692308 0.03846154 0.0 0 0 0 0 0 0 0 0 0 0 0 0 0 0 0 0 0 0 0 0 0 0 0 0 0 0 0 0 0 0 0 0 0 0 0 0 0 0 0 0
0.6666667 0.125 0.083333336 0.125 0.20833333 0.16666667 0.125 0.0 0 0 0 0 0 0 0 0 0 0 0 0 0 0 0 0 0 0 0 0 0 0 0 0 0 0 0 0 0 0 0 0 0 0 0 0 0 0 0 0 0 0 0 0 0 0 0 0 0 0 0 0
0.78571427 0.21428572 0.21428572 0.14285715 0.21428572 0.2857143 0.42857143 0.21428572 0.21428572 0.21428572 0.0 0 0 0 0 0 0 0 0 0 0 0 0 0 0 0 0 0 0 0 0 0 0 0 0 0 0 0 0 0 0 0 0 0 0 0 0 0 0 0 0 0 0 0 0 0 0 0 0 0
0.35714287 0.2857143 0.35714287 0.10714286 0.25 0.17857143 0.17857143 0.25 0.21428572 0.21428572 0.21428572 0.17857143 0.21428572 0.21428572 0.21428572 0.25 0.17857143 0.17857143 0.2857143 0.32142857 0.2857143 0.10714286 0 0 0 0 0 0 0 0 0 0 0 0 0 0 0 0 0 0 0 0 0 0 0 0 0 0 0 0 0 0 0 0 0 0 0 0 0 0
0.6111111 0.3888889 0.2777778 0.22222222 0.16666667 0.2777778 0.11111111 0.22222222 0.11111111 0.16666667 0.11111111 0.11111111 0 0 0 0 0 0 0 0 0 0 0 0 0 0 0 0 0 0 0 0 0 0 0 0 0 0 0 0 0 0 0 0 0 0 0 0 0 0 0 0 0 0 0 0 0 0 0 0
0.53333336 0.2 0.31111112 0.31111112 0.17777778 0.24444444 0.22222222 0.13333334 0.15555556 0.2 0.08888889 0.2 0.13333334 0.17777778 0.26666668 0.15555556 0.26666668 0.2 0.15555556 0.15555556 0.17777778 0.2 0.17777778 0.2888889 0.0 0 0 0 0 0 0 0 0 0 0 0 0 0 0 0 0 0 0 0 0 0 0 0 0 0 0 0 0 0 0 0 0 0 0 0
0.7 0.3 0.2 0.2 0.0 0 0 0 0 0 0 0 0 0 0 0 0 0 0 0 0 0 0 0 0 0 0 0 0 0 0 0 0 0 0 0 0 0 0 0 0 0 0 0 0 0 0 0 0 0 0 0 0 0 0 0 0 0 0 0
0.6 0.22857143 0.057142857 0.14285715 0.028571429 0.114285715 0.057142857 0.028571429 0.057142857 0.08571429 0.057142857 0.028571429 0.057142857 0.22857143 0 0 0 0 0 0 0 0 0 0 0 0 0 0 0 0 0 0 0 0 0 0 0 0 0 0 0 0 0 0 0 0 0 0 0 0 0 0 0 0 0 0 0 0 0 0
0.2173913 0.2173913 0.4347826 0.17391305 0.2173913 0.2173913 0.13043478 0.08695652 0.26086956 0.13043478 0.17391305 0.13043478 0.2173913 0.08695652 0.17391305 0.13043478 0.2173913 0.13043478 0.13043478 0.2173913 0.17391305 0.08695652 0.17391305 0.26086956 0.2173913 0.08695652 0.17391305 0.26086956 0 0 0 0 0 0 0 0 0 0 0 0 0 0 0 0 0 0 0 0 0 0 0 0 0 0 0 0 0 0 0 0
0.73333335 0.2 0.4 0.2 0.0 0 0 0 0 0 0 0 0 0 0 0 0 0 0 0 0 0 0 0 0 0 0 0 0 0 0 0 0 0 0 0 0 0 0 0 0 0 0 0 0 0 0 0 0 0 0 0 0 0 0 0 0 0 0 0
0.5 0.045454547 0.09090909 0.13636364 0.09090909 0.09090909 0.13636364 0.045454547 0.22727273 0.27272728 0.045454547 0.09090909 0.09090909 0.0 0 0 0 0 0 0 0 0 0 0 0 0 0 0 0 0 0 0 0 0 0 0 0 0 0 0 0 0 0 0 0 0 0 0 0 0 0 0 0 0 0 0 0 0 0 0
0.3 0.26666668 0.56666666 0.13333334 0.13333334 0.23333333 0.23333333 0.23333333 0.23333333 0.23333333 0.23333333 0.06666667 0.033333335 0.16666667 0.16666667 0.23333333 0.1 0.16666667 0.06666667 0.06666667 0.1 0.1 0.1 0.06666667 0.033333335 0.1 0.06666667 0.06666667 0.06666667 0.06666667 0.13333334 0.1 0.06666667 0.13333334 0.2 0.06666667 0 0 0 0 0 0 0 0 0 0 0 0 0 0 0 0 0 0 0 0 0 0 0 0
0.055555556 0.16666667 0.2777778 0.11111111 0.5833333 0.11111111 0.083333336 0.11111111 0.083333336 0.083333336 0.1388889 0.083333336 0.19444445 0.083333336 0.11111111 0.11111111 0.083333336 0.083333336 0.1388889 0.11111111 0.027777778 0.11111111 0.027777778 0 0 0 0 0 0 0 0 0 0 0 0 0 0 0 0 0 0 0 0 0 0 0 0 0 0 0 0 0 0 0 0 0 0 0 0 0
0.75 0.25 0.15 0.25 0.4 0 0 0 0 0 0 0 0 0 0 0 0 0 0 0 0 0 0 0 0 0 0 0 0 0 0 0 0 0 0 0 0 0 0 0 0 0 0 0 0 0 0 0 0 0 0 0 0 0 0 0 0 0 0 0
0.68421054 0.10526316 0.21052632 0.21052632 0.36842105 0.10526316 0.36842105 0.21052632 0.15789473 0.21052632 0.31578946 0.10526316 0.2631579 0.21052632 0.15789473 0.21052632 0.21052632 0.10526316 0.21052632 0.2631579 0.15789473 0.36842105 0.2631579 0.21052632 0 0 0 0 0 0 0 0 0 0 0 0 0 0 0 0 0 0 0 0 0 0 0 0 0 0 0 0 0 0 0 0 0 0 0 0
0.06666667 0.8 0.06666667 0.26666668 0.26666668 0.33333334 0.13333334 0.33333334 0.2 0.46666667 0.06666667 0.2 0.06666667 0.06666667 0.06666667 0.2 0.06666667 0.06666667 0.06666667 0.06666667 0.06666667 0.13333334 0.06666667 0.06666667 0.13333334 0 0 0 0 0 0 0 0 0 0 0 0 0 0 0 0 0 0 0 0 0 0 0 0 0 0 0 0 0 0 0 0 0 0 0
0.7916667 0.375 0.25 0.083333336 0.25 0.29166666 0.25 0.16666667 0.29166666 0 0 0 0 0 0 0 0 0 0 0 0 0 0 0 0 0 0 0 0 0 0 0 0 0 0 0 0 0 0 0 0 0 0 0 0 0 0 0 0 0 0 0 0 0 0 0 0 0 0 0
0.3030303 0.030303031 0.15151516 0.030303031 0.09090909 0.121212125 0.33333334 0.09090909 0.060606062 0.15151516 0.060606062 0.060606062 0.030303031 0.121212125 0.09090909 0.09090909 0.121212125 0.09090909 0.09090909 0.121212125 0.121212125 0.09090909 0.060606062 0.0 0 0 0 0 0 0 0 0 0 0 0 0 0 0 0 0 0 0 0 0 0 0 0 0 0 0 0 0 0 0 0 0 0 0 0 0
0.7647059 0.14705883 0.1764706 0.14705883 0.11764706 0.23529412 0.2647059 0.11764706 0.11764706 0.14705883 0.14705883 0.1764706 0 0 0 0 0 0 0 0 0 0 0 0 0 0 0 0 0 0 0 0 0 0 0 0 0 0 0 0 0 0 0 0 0 0 0 0 0 0 0 0 0 0 0 0 0 0 0 0
0.61538464 0.26923078 0.15384616 0.26923078 0.26923078 0.15384616 0.15384616 0.26923078 0.26923078 0.23076923 0.26923078 0.23076923 0.26923078 0.23076923 0.23076923 0.1923077 0 0 0 0 0 0 0 0 0 0 0 0 0 0 0 0 0 0 0 0 0 0 0 0 0 0 0 0 0 0 0 0 0 0 0 0 0 0 0 0 0 0 0 0
0.46153846 0.115384616 0.23076923 0.30769232 0.1923077 0.23076923 0.26923078 0.23076923 0.30769232 0.1923077 0.15384616 0.07692308 0.1923077 0.15384616 0.15384616 0.15384616 0.1923077 0.26923078 0.15384616 0.1923077 0.23076923 0.15384616 0.1923077 0.15384616 0.34615386 0.30769232 0.1923077 0.23076923 0.07692308 0.15384616 0.15384616 0.26923078 0.1923077 0.07692308 0 0 0 0 0 0 0 0 0 0 0 0 0 0 0 0 0 0 0 0 0 0 0 0 0 0
0.25 0.14285715 0.10714286 0.10714286 0.14285715 0.17857143 0.21428572 0.2857143 0.10714286 0.21428572 0.5 0.21428572 0.071428575 0.17857143 0.21428572 0.25 0.17857143 0.10714286 0.17857143 0.25 0.14285715 0.10714286 0.10714286 0.10714286 0.10714286 0.10714286 0.14285715 0 0 0 0 0 0 0 0 0 0 0 0 0 0 0 0 0 0 0 0 0 0 0 0 0 0 0 0 0 0 0 0 0
0.67741936 0.32258064 0.19354838 0.19354838 0.09677419 0.09677419 0.16129032 0.29032257 0.16129032 0.22580644 0.12903225 0.09677419 0.2580645 0.09677419 0.19354838 0.16129032 0.06451613 0.0 0 0 0 0 0 0 0 0 0 0 0 0 0 0 0 0 0 0 0 0 0 0 0 0 0 0 0 0 0 0 0 0 0 0 0 0 0 0 0 0 0 0
0.41025642 0.20512821 0 0 0 0 0 0 0 0 0 0 0 0 0 0 0 0 0 0 0 0 0 0 0 0 0 0 0 0 0 0 0 0 0 0 0 0 0 0 0 0 0 0 0 0 0 0 0 0 0 0 0 0 0 0 0 0 0 0
0.62068963 0.13793103 0.06896552 0.06896552 0.20689656 0.13793103 0.13793103 0.1724138 0.13793103 0.1724138 0.10344828 0.13793103 0.03448276 0.13793103 0 0 0 0 0 0 0 0 0 0 0 0 0 0 0 0 0 0 0 0 0 0 0 0 0 0 0 0 0 0 0 0 0 0 0 0 0 0 0 0 0 0 0 0 0 0
0.627907 0.093023255 0.093023255 0.39534885 0.20930232 0.11627907 0.093023255 0.093023255 0.23255815 0.1627907 0.11627907 0.093023255 0.18604651 0.11627907 0.13953489 0.13953489 0.11627907 0.20930232 0.13953489 0.093023255 0.11627907 0.1627907 0.093023255 0.0 0 0 0 0 0 0 0 0 0 0 0 0 0 0 0 0 0 0 0 0 0 0 0 0 0 0 0 0 0 0 0 0 0 0 0 0
0.6666667 0.083333336 0.25 0.16666667 0.041666668 0.125 0.041666668 0.041666668 0.041666668 0.16666667 0.083333336 0.125 0.16666667 0.083333336 0.20833333 0.125 0.041666668 0.083333336 0.0 0 0 0 0 0 0 0 0 0 0 0 0 0 0 0 0 0 0 0 0 0 0 0 0 0 0 0 0 0 0 0 0 0 0 0 0 0 0 0 0 0
0.61538464 0.26923078 0.1923077 0.07692308 0.30769232 0.30769232 0.15384616 0.115384616 0.115384616 0.1923077 0.03846154 0 0 0 0 0 0 0 0 0 0 0 0 0 0 0 0 0 0 0 0 0 0 0 0 0 0 0 0 0 0 0 0 0 0 0 0 0 0 0 0 0 0 0 0 0 0 0 0 0
0.6666667 0.1388889 0.30555555 0.1388889 0.11111111 0.1388889 0.2777778 0.083333336 0.1388889 0.16666667 0.22222222 0.11111111 0.16666667 0.1388889 0.11111111 0.11111111 0.22222222 0.1388889 0.19444445 0.19444445 0.11111111 0.083333336 0.1388889 0.11111111 0.19444445 0.16666667 0.16666667 0.25 0.19444445 0.11111111 0.055555556 0.2777778 0.1388889 0.083333336 0.083333336 0.083333336 0.19444445 0.16666667 0.055555556 0 0 0 0 0 0 0 0 0 0 0 0 0 0 0 0 0 0 0 0 0
0.121212125 0.54545456 0.09090909 0.09090909 0.060606062 0.121212125 0.09090909 0.18181819 0.09090909 0.121212125 0.18181819 0.060606062 0.121212125 0.121212125 0.121212125 0.15151516 0.030303031 0 0 0 0 0 0 0 0 0 0 0 0 0 0 0 0 0 0 0 0 0 0 0 0 0 0 0 0 0 0 0 0 0 0 0 0 0 0 0 0 0 0 0
0.28947368 0.5 0.21052632 0.10526316 0.10526316 0.02631579 0.10526316 0.21052632 0.15789473 0.13157895 0.13157895 0.18421052 0.10526316 0.0 0 0 0 0 0 0 0 0 0 0 0 0 0 0 0 0 0 0 0 0 0 0 0 0 0 0 0 0 0 0 0 0 0 0 0 0 0 0 0 0 0 0 0 0 0 0
0.5945946 0.3243243 0.21621622 0.21621622 0.16216215 0.1891892 0.08108108 0.16216215 0.10810811 0.27027026 0.21621622 0.24324325 0.16216215 0.13513513 0.10810811 0.13513513 0.27027026 0.0 0 0 0 0 0 0 0 0 0 0 0 0 0 0 0 0 0 0 0 0 0 0 0 0 0 0 0 0 0 0 0 0 0 0 0 0 0 0 0 0 0 0
0.7407407 0.037037037 0.14814815 0.18518518 0.18518518 0.22222222 0.18518518 0.11111111 0.25925925 0.037037037 0.037037037 0.037037037 0.14814815 0.14814815 0.18518518 0.11111111 0.11111111 0.11111111 0.14814815 0.037037037 0.037037037 0.11111111 0.074074075 0.074074075 0.11111111 0.037037037 0 0 0 0 0 0 0 0 0 0 0 0 0 0 0 0 0 0 0 0 0 0 0 0 0 0 0 0 0 0 0 0 0 0
0.625 0.25 0.29166666 0.25 0.5416667 0.20833333 0.16666667 0.16666667 0.20833333 0.16666667 0.125 0.16666667 0.16666667 0.083333336 0.083333336 0.083333336 0.0 0 0 0 0 0 0 0 0 0 0 0 0 0 0 0 0 0 0 0 0 0 0 0 0 0 0 0 0 0 0 0 0 0 0 0 0 0 0 0 0 0 0 0
0.56666666 0.16666667 0.16666667 0.16666667 0.06666667 0.13333334 0.26666668 0 0 0 0 0 0 0 0 0 0 0 0 0 0 0 0 0 0 0 0 0 0 0 0 0 0 0 0 0 0 0 0 0 0 0 0 0 0 0 0 0 0 0 0 0 0 0 0 0 0 0 0 0
0.84210527 0.21052632 0.15789473 0.21052632 0.15789473 0.15789473 0.15789473 0.15789473 0.10526316 0.21052632 0.2631579 0.10526316 0.2631579 0 0 0 0 0 0 0 0 0 0 0 0 0 0 0 0 0 0 0 0 0 0 0 0 0 0 0 0 0 0 0 0 0 0 0 0 0 0 0 0 0 0 0 0 0 0 0
0.61764705 0.2647059 0.11764706 0.0882353 0.05882353 0.05882353 0.05882353 0.05882353 0.05882353 0.14705883 0.1764706 0.1764706 0.1764706 0 0 0 0 0 0 0 0 0 0 0 0 0 0 0 0 0 0 0 0 0 0 0 0 0 0 0 0 0 0 0 0 0 0 0 0 0 0 0 0 0 0 0 0 0 0 0
0.68 0.4 0.36 0.2 0.24 0.12 0.28 0.2 0.16 0.24 0.28 0.28 0.16 0.08 0 0 0 0 0 0 0 0 0 0 0 0 0 0 0 0 0 0 0 0 0 0 0 0 0 0 0 0 0 0 0 0 0 0 0 0 0 0 0 0 0 0 0 0 0 0
0.4871795 0.25641027 0.15384616 0.102564104 0.051282052 0.25641027 0.17948718 0.25641027 0.17948718 0.102564104 0.20512821 0.102564104 0 0 0 0 0 0 0 0 0 0 0 0 0 0 0 0 0 0 0 0 0 0 0 0 0 0 0 0 0 0 0 0 0 0 0 0 0 0 0 0 0 0 0 0 0 0 0 0
0.2631579 0.42105263 0.10526316 0.2631579 0.10526316 0.2631579 0.21052632 0.05263158 0 0 0 0 0 0 0 0 0 0 0 0 0 0 0 0 0 0 0 0 0 0 0 0 0 0 0 0 0 0 0 0 0 0 0 0 0 0 0 0 0 0 0 0 0 0 0 0 0 0 0 0
0.5 0.25 0.375 0.5 0.5 0.5 0.25 0.625 0.25 0.375 0.375 0.375 0.375 0.375 0.5 0.375 0.5 0.125 0.25 0.25 0.25 0.5 0.375 0.25 0 0 0 0 0 0 0 0 0 0 0 0 0 0 0 0 0 0 0 0 0 0 0 0 0 0 0 0 0 0 0 0 0 0 0 0
0.25 0.25 0.275 0.225 0.075 0.225 0.175 0.2 0.15 0.15 0 0 0 0 0 0 0 0 0 0 0 0 0 0 0 0 0 0 0 0 0 0 0 0 0 0 0 0 0 0 0 0 0 0 0 0 0 0 0 0 0 0 0 0 0 0 0 0 0 0
0.60714287 0.2857143 0.25 0.10714286 0.21428572 0.25 0.17857143 0.2857143 0.25 0.0 0 0 0 0 0 0 0 0 0 0 0 0 0 0 0 0 0 0 0 0 0 0 0 0 0 0 0 0 0 0 0 0 0 0 0 0 0 0 0 0 0 0 0 0 0 0 0 0 0 0
0.4651163 0.3488372 0.23255815 0.18604651 0.18604651 0.18604651 0.25581396 0.23255815 0.18604651 0.25581396 0.18604651 0.18604651 0.18604651 0.30232558 0.23255815 0.18604651 0.1627907 0.18604651 0.1627907 0 0 0 0 0 0 0 0 0 0 0 0 0 0 0 0 0 0 0 0 0 0 0 0 0 0 0 0 0 0 0 0 0 0 0 0 0 0 0 0 0
0.6315789 0.2631579 0.13157895 0 0 0 0 0 0 0 0 0 0 0 0 0 0 0 0 0 0 0 0 0 0 0 0 0 0 0 0 0 0 0 0 0 0 0 0 0 0 0 0 0 0 0 0 0 0 0 0 0 0 0 0 0 0 0 0 0
0.26666668 0.26666668 0.5 0.13333334 0.1 0.2 0.2 0.13333334 0.1 0.2 0.13333334 0.1 0.2 0.2 0.23333333 0.3 0.16666667 0.06666667 0.13333334 0.16666667 0.16666667 0 0 0 0 0 0 0 0 0 0 0 0 0 0 0 0 0 0 0 0 0 0 0 0 0 0 0 0 0 0 0 0 0 0 0 0 0 0 0
0.6315789 0.21052632 0.2631579 0.2631579 0.2631579 0.15789473 0.21052632 0.15789473 0.2631579 0.15789473 0.21052632 0.2631579 0 0 0 0 0 0 0 0 0 0 0 0 0 0 0 0 0 0 0 0 0 0 0 0 0 0 0 0 0 0 0 0 0 0 0 0 0 0 0 0 0 0 0 0 0 0 0 0
0.71428573 0.2857143 0.2857143 0.21428572 0.071428575 0.21428572 0.21428572 0.2857143 0.14285715 0.21428572 0.21428572 0.2857143 0.14285715 0.14285715 0.35714287 0.071428575 0.21428572 0.21428572 0.21428572 0.2857143 0.14285715 0.21428572 0.21428572 0.5 0.2857143 0.5 0.14285715 0.071428575 0.071428575 0.21428572 0 0 0 0 0 0 0 0 0 0 0 0 0 0 0 0 0 0 0 0 0 0 0 0 0 0 0 0 0 0
0.6666667 0.25 0.25 0.16666667 0.0 0 0 0 0 0 0 0 0 0 0 0 0 0 0 0 0 0 0 0 0 0 0 0 0 0 0 0 0 0 0 0 0 0 0 0 0 0 0 0 0 0 0 0 0 0 0 0 0 0 0 0 0 0 0 0
0.42857143 0.08571429 0.14285715 0.14285715 0.17142858 0.057142857 0 0 0 0 0 0 0 0 0 0 0 0 0 0 0 0 0 0 0 0 0 0 0 0 0 0 0 0 0 0 0 0 0 0 0 0 0 0 0 0 0 0 0 0 0 0 0 0 0 0 0 0 0 0
0.56 0.32 0.12 0.24 0.24 0.24 0.26 0.08 0.12 0.18 0.26 0.18 0.26 0.12 0.04 0.08 0.14 0.1 0.08 0.16 0.16 0.2 0.1 0.12 0.06 0.12 0.12 0.24 0.12 0.18 0.28 0 0 0 0 0 0 0 0 0 0 0 0 0 0 0 0 0 0 0 0 0 0 0 0 0 0 0 0 0
0.6388889 0.16666667 0.44444445 0.3888889 0.1388889 0.11111111 0.19444445 0.25 0.16666667 0.19444445 0.1388889 0.19444445 0.1388889 0.19444445 0.19444445 0.055555556 0 0 0 0 0 0 0 0 0 0 0 0 0 0 0 0 0 0 0 0 0 0 0 0 0 0 0 0 0 0 0 0 0 0 0 0 0 0 0 0 0 0 0 0
0.64102566 0.12820514 0.17948718 0.12820514 0.17948718 0.23076923 0.17948718 0.15384616 0.12820514 0 0 0 0 0 0 0 0 0 0 0 0 0 0 0 0 0 0 0 0 0 0 0 0 0 0 0 0 0 0 0 0 0 0 0 0 0 0 0 0 0 0 0 0 0 0 0 0 0 0 0
0.12820514 0.3846154 0.102564104 0.20512821 0.15384616 0.07692308 0.17948718 0.102564104 0.102564104 0.15384616 0.07692308 0.051282052 0.07692308 0.15384616 0.07692308 0.15384616 0.12820514 0.102564104 0.12820514 0.051282052 0.12820514 0.102564104 0.17948718 0.102564104 0.051282052 0.15384616 0.15384616 0.17948718 0.102564104 0.0 0 0 0 0 0 0 0 0 0 0 0 0 0 0 0 0 0 0 0 0 0 0 0 0 0 0 0 0 0 0
0.7297297 0.24324325 0.21621622 0.2972973 0.3243243 0.21621622 0.10810811 0.13513513 0.27027026 0.16216215 0.16216215 0.10810811 0.054054055 0 0 0 0 0 0 0 0 0 0 0 0 0 0 0 0 0 0 0 0 0 0 0 0 0 0 0 0 0 0 0 0 0 0 0 0 0 0 0 0 0 0 0 0 0 0 0
0.05263158 0.47368422 0.42105263 0.31578946 0.36842105 0.2631579 0.21052632 0.21052632 0.31578946 0.2631579 0.2631579 0.05263158 0.2631579 0.31578946 0.21052632 0.21052632 0.31578946 0.31578946 0.2631579 0.21052632 0 0 0 0 0 0 0 0 0 0 0 0 0 0 0 0 0 0 0 0 0 0 0 0 0 0 0 0 0 0 0 0 0 0 0 0 0 0 0 0
0.42857143 0.42857143 0.25 0.14285715 0.10714286 0.14285715 0.10714286 0.14285715 0.14285715 0.10714286 0.10714286 0.17857143 0.071428575 0.14285715 0.10714286 0.071428575 0.21428572 0.10714286 0.21428572 0.10714286 0.10714286 0.10714286 0 0 0 0 0 0 0 0 0 0 0 0 0 0 0 0 0 0 0 0 0 0 0 0 0 0 0 0 0 0 0 0 0 0 0 0 0 0
0.4827586 0.2413793 0.03448276 0.20689656 0.20689656 0.13793103 0.13793103 0.1724138 0.1724138 0 0 0 0 0 0 0 0 0 0 0 0 0 0 0 0 0 0 0 0 0 0 0 0 0 0 0 0 0 0 0 0 0 0 0 0 0 0 0 0 0 0 0 0 0 0 0 0 0 0 0
0.6363636 0.21212122 0.18181819 0.121212125 0.27272728 0.121212125 0.09090909 0.3030303 0.15151516 0.33333334 0.33333334 0.15151516 0.060606062 0.09090909 0.09090909 0.15151516 0.121212125 0.15151516 0.15151516 0.121212125 0.24242425 0.36363637 0.24242425 0.15151516 0.21212122 0.15151516 0.09090909 0.21212122 0.0 0 0 0 0 0 0 0 0 0 0 0 0 0 0 0 0 0 0 0 0 0 0 0 0 0 0 0 0 0 0 0
0.5151515 0.24242425 0.6060606 0.3939394 0.3030303 0.42424244 0.36363637 0.121212125 0.33333334 0.121212125 0.21212122 0.21212122 0.3030303 0.36363637 0.3030303 0.36363637 0.3030303 0.42424244 0.15151516 0.36363637 0.36363637 0.0 0 0 0 0 0 0 0 0 0 0 0 0 0 0 0 0 0 0 0 0 0 0 0 0 0 0 0 0 0 0 0 0 0 0 0 0 0 0
0.7241379 0.27586207 0.3448276 0.10344828 0.2413793 0.2413793 0.20689656 0.20689656 0.3448276 0.2413793 0.20689656 0.20689656 0 0 0 0 0 0 0 0 0 0 0 0 0 0 0 0 0 0 0 0 0 0 0 0 0 0 0 0 0 0 0 0 0 0 0 0 0 0 0 0 0 0 0 0 0 0 0 0
0.58064514 0.16129032 0.19354838 0.22580644 0.19354838 0.22580644 0.19354838 0.22580644 0.22580644 0.2580645 0.06451613 0.12903225 0.22580644 0.19354838 0.16129032 0.2580645 0.19354838 0.12903225 0 0 0 0 0 0 0 0 0 0 0 0 0 0 0 0 0 0 0 0 0 0 0 0 0 0 0 0 0 0 0 0 0 0 0 0 0 0 0 0 0 0
0.1923077 0.115384616 0.15384616 0.115384616 0.1923077 0.07692308 0.115384616 0.15384616 0.1923077 0.115384616 0.26923078 0.15384616 0.1923077 0.15384616 0.23076923 0.30769232 0.15384616 0.23076923 0.07692308 0 0 0 0 0 0 0 0 0 0 0 0 0 0 0 0 0 0 0 0 0 0 0 0 0 0 0 0 0 0 0 0 0 0 0 0 0 0 0 0 0
0.53846157 0.12820514 0.17948718 0.15384616 0.025641026 0.2820513 0.23076923 0.025641026 0.15384616 0.15384616 0.15384616 0.25641027 0.17948718 0.17948718 0.20512821 0.30769232 0 0 0 0 0 0 0 0 0 0 0 0 0 0 0 0 0 0 0 0 0 0 0 0 0 0 0 0 0 0 0 0 0 0 0 0 0 0 0 0 0 0 0 0
0.19444445 0.4722222 0.1388889 0.11111111 0.055555556 0.083333336 0.11111111 0.083333336 0.1388889 0.055555556 0.055555556 0.083333336 0.055555556 0.055555556 0.083333336 0 0 0 0 0 0 0 0 0 0 0 0 0 0 0 0 0 0 0 0 0 0 0 0 0 0 0 0 0 0 0 0 0 0 0 0 0 0 0 0 0 0 0 0 0
0.5405405 0.16216215 0.16216215 0.2972973 0.16216215 0.054054055 0.10810811 0.3243243 0.1891892 0.16216215 0.21621622 0.16216215 0.27027026 0.08108108 0.13513513 0.08108108 0.10810811 0.10810811 0.10810811 0.054054055 0.0 0 0 0 0 0 0 0 0 0 0 0 0 0 0 0 0 0 0 0 0 0 0 0 0 0 0 0 0 0 0 0 0 0 0 0 0 0 0 0
0.11111111 0.11111111 0.22222222 0.2777778 0.16666667 0.19444445 0.1388889 0.1388889 0.19444445 0.22222222 0.055555556 0.6041667 0.3125 0.16666667 0.22916667 0.14583333 0.22916667 0.14583333 0.125 0.16666667 0.125 0.20833333 0.14583333 0.1875 0.14583333 0.125 0.125 0.14583333 0.125 0.1875 0.041666668 0 0 0 0 0 0 0 0 0 0 0 0 0 0 0 0 0 0 0 0 0 0 0 0 0 0 0 0 0
0.7368421 0.47368422 0.10526316 0.2631579 0.21052632 0.42105263 0.2631579 0.2631579 0.42105263 0.2631579 0.21052632 0.31578946 0.10526316 0.0 0 0 0 0 0 0 0 0 0 0 0 0 0 0 0 0 0 0 0 0 0 0 0 0 0 0 0 0 0 0 0 0 0 0 0 0 0 0 0 0 0 0 0 0 0 0
0.8095238 0.23809524 0.33333334 0.0952381 0.1904762 0.0952381 0.0952381 0.0952381 0 0 0 0 0 0 0 0 0 0 0 0 0 0 0 0 0 0 0 0 0 0 0 0 0 0 0 0 0 0 0 0 0 0 0 0 0 0 0 0 0 0 0 0 0 0 0 0 0 0 0 0
0.6296296 0.18518518 0.22222222 0.18518518 0.22222222 0.25925925 0.074074075 0.14814815 0.22222222 0.18518518 0.22222222 0.22222222 0.22222222 0 0 0 0 0 0 0 0 0 0 0 0 0 0 0 0 0 0 0 0 0 0 0 0 0 0 0 0 0 0 0 0 0 0 0 0 0 0 0 0 0 0 0 0 0 0 0
0.7307692 0.15384616 0.07692308 0.03846154 0.15384616 0.23076923 0.07692308 0.30769232 0.15384616 0.07692308 0.1923077 0.115384616 0.07692308 0.03846154 0.0 0.115384616 0.115384616 0.115384616 0.03846154 0.15384616 0.115384616 0.03846154 0.07692308 0.26923078 0.0 0.115384616 0.07692308 0.1923077 0.1923077 0.115384616 0.15384616 0.1923077 0.15384616 0.0 0.30769232 0.26923078 0.115384616 0.07692308 0.1923077 0.1923077 0.07692308 0.07692308 0.15384616 0.15384616 0.03846154 0.115384616 0.1923077 0.15384616 0.03846154 0.03846154 0 0 0 0 0 0 0 0 0 0
0.6052632 0.21052632 0.18421052 0.18421052 0.23684211 0.23684211 0.078947365 0.13157895 0.18421052 0.10526316 0.10526316 0.078947365 0.078947365 0.13157895 0.078947365 0.078947365 0.15789473 0.10526316 0.31578946 0.15789473 0.21052632 0.21052632 0.13157895 0.13157895 0.21052632 0 0 0 0 0 0 0 0 0 0 0 0 0 0 0 0 0 0 0 0 0 0 0 0 0 0 0 0 0 0 0 0 0 0 0
0.6666667 0.12820514 0.23076923 0.17948718 0.12820514 0.25641027 0.17948718 0.23076923 0.20512821 0.12820514 0.23076923 0.025641026 0 0 0 0 0 0 0 0 0 0 0 0 0 0 0 0 0 0 0 0 0 0 0 0 0 0 0 0 0 0 0 0 0 0 0 0 0 0 0 0 0 0 0 0 0 0 0 0
0.7307692 0.15384616 0.23076923 0.26923078 0.3846154 0.26923078 0.1923077 0.23076923 0.1923077 0.15384616 0.46153846 0.26923078 0.26923078 0.26923078 0.1923077 0.115384616 0.1923077 0.23076923 0.23076923 0.115384616 0.30769232 0.1923077 0.42307693 0.0 0 0 0 0 0 0 0 0 0 0 0 0 0 0 0 0 0 0 0 0 0 0 0 0 0 0 0 0 0 0 0 0 0 0 0 0
0.61538464 0.23076923 0.3846154 0.23076923 0.30769232 0.3846154 0.3846154 0.30769232 0.23076923 0.30769232 0.30769232 0.46153846 0.30769232 0.30769232 0.30769232 0.3846154 0.46153846 0.30769232 0.30769232 0.23076923 0.30769232 0.30769232 0.46153846 0 0 0 0 0 0 0 0 0 0 0 0 0 0 0 0 0 0 0 0 0 0 0 0 0 0 0 0 0 0 0 0 0 0 0 0 0
0.19354838 0.19354838 0.7096774 0.16129032 0.22580644 0.22580644 0.19354838 0.19354838 0.12903225 0.22580644 0.16129032 0.2580645 0.16129032 0.19354838 0.16129032 0.16129032 0.12903225 0.32258064 0.19354838 0.16129032 0.22580644 0 0 0 0 0 0 0 0 0 0 0 0 0 0 0 0 0 0 0 0 0 0 0 0 0 0 0 0 0 0 0 0 0 0 0 0 0 0 0
0.17142858 0.5714286 0.14285715 0.08571429 0.22857143 0.14285715 0.2 0.114285715 0.2 0.22857143 0.14285715 0.114285715 0.08571429 0.14285715 0.2 0.2 0.114285715 0.25714287 0.14285715 0.14285715 0.22857143 0.14285715 0.14285715 0.14285715 0.2 0.2 0.14285715 0.14285715 0.028571429 0.14285715 0.08571429 0.14285715 0.42857143 0 0 0 0 0 0 0 0 0 0 0 0 0 0 0 0 0 0 0 0 0 0 0 0 0 0 0
0.65 0.25 0.125 0.15 0.15 0.15 0.325 0.225 0.2 0.175 0.2 0.25 0.275 0.15 0.175 0.1 0.3 0.175 0.25 0.275 0.225 0.175 0.0 0 0 0 0 0 0 0 0 0 0 0 0 0 0 0 0 0 0 0 0 0 0 0 0 0 0 0 0 0 0 0 0 0 0 0 0 0
0.36 0.36 0.2 0.16 0.12 0.08 0.28 0.04 0.04 0.08 0.12 0.16 0.12 0.08 0.08 0.04 0.0 0 0 0 0 0 0 0 0 0 0 0 0 0 0 0 0 0 0 0 0 0 0 0 0 0 0 0 0 0 0 0 0 0 0 0 0 0 0 0 0 0 0 0
0.625 0.3125 0.3125 0.125 0.25 0.1875 0.375 0.1875 0.125 0.125 0.25 0.3125 0.125 0.125 0.1875 0.5 0 0 0 0 0 0 0 0 0 0 0 0 0 0 0 0 0 0 0 0 0 0 0 0 0 0 0 0 0 0 0 0 0 0 0 0 0 0 0 0 0 0 0 0
0.34375 0.21875 0.1875 0.46875 0.21875 0.21875 0.09375 0.09375 0.125 0.15625 0.09375 0.15625 0.125 0.125 0.09375 0.0625 0.125 0.09375 0.125 0.15625 0.15625 0.1875 0.125 0.15625 0.125 0.0625 0.09375 0.125 0 0 0 0 0 0 0 0 0 0 0 0 0 0 0 0 0 0 0 0 0 0 0 0 0 0 0 0 0 0 0 0
0.62068963 0.20689656 0.27586207 0.27586207 0.20689656 0.1724138 0.31034482 0.1724138 0.20689656 0.10344828 0.1724138 0.27586207 0.37931034 0.10344828 0.1724138 0.31034482 0.2413793 0.20689656 0 0 0 0 0 0 0 0 0 0 0 0 0 0 0 0 0 0 0 0 0 0 0 0 0 0 0 0 0 0 0 0 0 0 0 0 0 0 0 0 0 0
0.46153846 0.15384616 0.115384616 0.115384616 0.115384616 0.07692308 0.115384616 0.15384616 0.07692308 0.15384616 0.03846154 0.07692308 0.115384616 0.07692308 0.115384616 0.115384616 0.115384616 0.115384616 0 0 0 0 0 0 0 0 0 0 0 0 0 0 0 0 0 0 0 0 0 0 0 0 0 0 0 0 0 0 0 0 0 0 0 0 0 0 0 0 0 0
0.42222223 0.2 0.33333334 0.22222222 0.11111111 0.26666668 0.2 0.22222222 0.17777778 0.15555556 0.06666667 0.2 0.2 0.08888889 0.13333334 0.13333334 0.15555556 0.0 0 0 0 0 0 0 0 0 0 0 0 0 0 0 0 0 0 0 0 0 0 0 0 0 0 0 0 0 0 0 0 0 0 0 0 0 0 0 0 0 0 0
0.5714286 0.1904762 0.3809524 0.14285715 0.23809524 0.14285715 0.0952381 0.04761905 0 0 0 0 0 0 0 0 0 0 0 0 0 0 0 0 0 0 0 0 0 0 0 0 0 0 0 0 0 0 0 0 0 0 0 0 0 0 0 0 0 0 0 0 0 0 0 0 0 0 0 0
0.375 0.25 0.2 0.2 0.2 0.25 0.175 0.175 0.125 0.1 0.2 0.075 0.15 0.125 0.2 0.0 0 0 0 0 0 0 0 0 0 0 0 0 0 0 0 0 0 0 0 0 0 0 0 0 0 0 0 0 0 0 0 0 0 0 0 0 0 0 0 0 0 0 0 0
0.7647059 0.3529412 0.3529412 0.3529412 0.3529412 0.29411766 0.1764706 0.23529412 0.3529412 0.11764706 0.3529412 0.0 0 0 0 0 0 0 0 0 0 0 0 0 0 0 0 0 0 0 0 0 0 0 0 0 0 0 0 0 0 0 0 0 0 0 0 0 0 0 0 0 0 0 0 0 0 0 0 0
0.6666667 0.11111111 0.25925925 0.14814815 0.14814815 0.14814815 0.22222222 0.22222222 0.18518518 0.18518518 0.18518518 0.18518518 0.18518518 0.22222222 0.22222222 0.18518518 0.14814815 0.14814815 0.22222222 0 0 0 0 0 0 0 0 0 0 0 0 0 0 0 0 0 0 0 0 0 0 0 0 0 0 0 0 0 0 0 0 0 0 0 0 0 0 0 0 0
0.7419355 0.29032257 0.09677419 0.19354838 0.09677419 0.09677419 0.3548387 0.2580645 0.19354838 0.2580645 0.29032257 0.12903225 0.2580645 0.32258064 0.29032257 0.12903225 0.19354838 0.3548387 0.19354838 0.22580644 0.29032257 0.29032257 0.29032257 0.09677419 0.22580644 0.16129032 0.29032257 0.19354838 0.22580644 0.19354838 0.0 0 0 0 0 0 0 0 0 0 0 0 0 0 0 0 0 0 0 0 0 0 0 0 0 0 0 0 0 0
0.75 0.25 0.35 0.1 0.25 0.35 0.1 0.25 0.05 0 0 0 0 0 0 0 0 0 0 0 0 0 0 0 0 0 0 0 0 0 0 0 0 0 0 0 0 0 0 0 0 0 0 0 0 0 0 0 0 0 0 0 0 0 0 0 0 0 0 0
0.59090906 0.27272728 0.18181819 0.09090909 0.18181819 0.045454547 0.22727273 0.13636364 0.27272728 0.22727273 0.09090909 0.045454547 0.18181819 0.09090909 0.13636364 0.13636364 0.18181819 0.09090909 0.18181819 0.09090909 0.09090909 0.09090909 0.09090909 0.045454547 0.045454547 0.13636364 0.09090909 0.045454547 0.09090909 0.09090909 0.09090909 0.045454547 0.09090909 0.045454547 0.045454547 0 0 0 0 0 0 0 0 0 0 0 0 0 0 0 0 0 0 0 0 0 0 0 0 0
0.72727275 0.27272728 0.3181818 0.65217394 0.23913044 0.1521739 0.1521739 0.23913044 0.17391305 0.1521739 0.10869565 0.1521739 0.10869565 0.2173913 0.08695652 0.1521739 0.13043478 0.08695652 0.26086956 0.23913044 0.10869565 0.19565217 0.2173913 0.10869565 0.17391305 0.17391305 0.04347826 0.13043478 0.13043478 0.0 0 0 0 0 0 0 0 0 0 0 0 0 0 0 0 0 0 0 0 0 0 0 0 0 0 0 0 0 0 0
0.6 0.24 0.08 0.2 0.08 0.16 0.08 0.16 0.12 0.08 0.12 0.32 0.16 0.2 0.12 0.16 0.08 0.12 0.08 0.16 0.12 0.12 0.08 0.08 0.16 0.08 0.08 0.08 0.12 0.2 0 0 0 0 0 0 0 0 0 0 0 0 0 0 0 0 0 0 0 0 0 0 0 0 0 0 0 0 0 0
0.09090909 0.21212122 0.6969697 0.15151516 0.24242425 0.18181819 0.15151516 0.121212125 0.18181819 0.121212125 0.121212125 0.15151516 0.21212122 0.09090909 0.21212122 0.121212125 0.18181819 0.15151516 0.18181819 0.15151516 0.121212125 0.21212122 0.18181819 0.030303031 0 0 0 0 0 0 0 0 0 0 0 0 0 0 0 0 0 0 0 0 0 0 0 0 0 0 0 0 0 0 0 0 0 0 0 0
0.15789473 0.15789473 0.21052632 0.15789473 0.15789473 0.6315789 0.2631579 0.21052632 0.21052632 0.15789473 0.2631579 0.10526316 0.21052632 0.15789473 0.21052632 0.10526316 0.2631579 0.10526316 0.2631579 0.05263158 0.15789473 0.15789473 0.10526316 0.05263158 0 0 0 0 0 0 0 0 0 0 0 0 0 0 0 0 0 0 0 0 0 0 0 0 0 0 0 0 0 0 0 0 0 0 0 0
0.56666666 0.033333335 0.1 0.033333335 0.13333334 0.033333335 0.06666667 0.06666667 0.1 0.033333335 0.033333335 0.06666667 0.033333335 0.06666667 0.033333335 0.033333335 0.06666667 0.033333335 0 0 0 0 0 0 0 0 0 0 0 0 0 0 0 0 0 0 0 0 0 0 0 0 0 0 0 0 0 0 0 0 0 0 0 0 0 0 0 0 0 0
0.03448276 0.03448276 0.37931034 0.10344828 0.37931034 0.10344828 0.20689656 0.03448276 0.10344828 0.10344828 0.10344828 0.10344828 0.13793103 0.13793103 0.10344828 0.13793103 0.10344828 0.06896552 0.1724138 0.10344828 0.03448276 0.1724138 0.06896552 0.10344828 0.06896552 0.13793103 0.10344828 0.10344828 0.20689656 0.13793103 0.13793103 0.1724138 0.10344828 0.13793103 0.13793103 0.13793103 0.13793103 0.06896552 0.13793103 0.20689656 0.06896552 0.06896552 0 0 0 0 0 0 0 0 0 0 0 0 0 0 0 0 0 0
0.82051283 0.43589744 0.12820514 0.17948718 0.41025642 0.2820513 0.0 0 0 0 0 0 0 0 0 0 0 0 0 0 0 0 0 0 0 0 0 0 0 0 0 0 0 0 0 0 0 0 0 0 0 0 0 0 0 0 0 0 0 0 0 0 0 0 0 0 0 0 0 0
0.6111111 0.44444445 0.2777778 0.16666667 0.16666667 0.16666667 0.22222222 0.22222222 0.44444445 0.11111111 0.2777778 0.0 0 0 0 0 0 0 0 0 0 0 0 0 0 0 0 0 0 0 0 0 0 0 0 0 0 0 0 0 0 0 0 0 0 0 0 0 0 0 0 0 0 0 0 0 0 0 0 0
0.625 0.25 0.20833333 0.33333334 0.16666667 0.125 0.16666667 0.16666667 0.25 0.0 0 0 0 0 0 0 0 0 0 0 0 0 0 0 0 0 0 0 0 0 0 0 0 0 0 0 0 0 0 0 0 0 0 0 0 0 0 0 0 0 0 0 0 0 0 0 0 0 0 0
0.1388889 0.25 0.22222222 0.1388889 0.16666667 0.2777778 0.5555556 0.3888889 0.16666667 0.1388889 0.22222222 0.19444445 0.19444445 0.41666666 0.3888889 0.3611111 0.1388889 0.16666667 0.30555555 0.22222222 0.11111111 0.1388889 0.30555555 0.22222222 0.16666667 0.1388889 0.25 0.16666667 0.25 0.30555555 0.16666667 0 0 0 0 0 0 0 0 0 0 0 0 0 0 0 0 0 0 0 0 0 0 0 0 0 0 0 0 0
0.6666667 0.2 0.1 0.23333333 0.06666667 0.2 0.16666667 0.1 0.23333333 0.3 0.1 0.13333334 0.1 0.6363636 0.21212122 0.21212122 0.18181819 0.24242425 0.09090909 0.09090909 0.15151516 0.18181819 0.18181819 0.24242425 0.21212122 0.121212125 0.15151516 0.15151516 0.09090909 0.121212125 0.060606062 0.15151516 0.09090909 0.060606062 0.09090909 0.09090909 0.09090909 0.09090909 0.09090909 0.030303031 0 0 0 0 0 0 0 0 0 0 0 0 0 0 0 0 0 0 0 0
0.09090909 0.09090909 0.18181819 0.27272728 0.8181818 0.18181819 0.27272728 0.18181819 0.18181819 0.36363637 0.18181819 0.09090909 0.09090909 0.09090909 0.18181819 0.09090909 0.18181819 0.09090909 0.09090909 0.09090909 0.18181819 0.09090909 0.09090909 0.18181819 0.18181819 0.18181819 0.18181819 0.18181819 0.27272728 0 0 0 0 0 0 0 0 0 0 0 0 0 0 0 0 0 0 0 0 0 0 0 0 0 0 0 0 0 0 0
0.5277778 0.16666667 0.25 0.19444445 0.22222222 0.11111111 0.083333336 0.1388889 0.16666667 0.027777778 0.11111111 0.055555556 0.16666667 0.1388889 0.1388889 0.11111111 0.083333336 0.1388889 0 0 0 0 0 0 0 0 0 0 0 0 0 0 0 0 0 0 0 0 0 0 0 0 0 0 0 0 0 0 0 0 0 0 0 0 0 0 0 0 0 0
0.5813953 0.27906978 0.20930232 0.11627907 0.3488372 0.25581396 0.3488372 0.3255814 0.27906978 0.20930232 0.30232558 0.20930232 0.23255815 0.3488372 0.30232558 0.3255814 0.23255815 0.25581396 0.23255815 0.3488372 0.13953489 0.18604651 0.046511628 0 0 0 0 0 0 0 0 0 0 0 0 0 0 0 0 0 0 0 0 0 0 0 0 0 0 0 0 0 0 0 0 0 0 0 0 0
0.1764706 0.0882353 0.7058824 0.14705883 0.11764706 0.0882353 0.11764706 0.1764706 0.1764706 0.14705883 0.14705883 0.029411765 0.11764706 0.11764706 0.23529412 0.1764706 0 0 0 0 0 0 0 0 0 0 0 0 0 0 0 0 0 0 0 0 0 0 0 0 0 0 0 0 0 0 0 0 0 0 0 0 0 0 0 0 0 0 0 0
0.57575756 0.15151516 0.27272728 0.121212125 0.09090909 0.21212122 0.09090909 0.09090909 0.15151516 0.060606062 0.09090909 0.121212125 0.030303031 0.060606062 0.060606062 0.060606062 0.060606062 0.09090909 0 0 0 0 0 0 0 0 0 0 0 0 0 0 0 0 0 0 0 0 0 0 0 0 0 0 0 0 0 0 0 0 0 0 0 0 0 0 0 0 0 0
0.53488374 0.25581396 0.30232558 0.069767445 0.25581396 0.18604651 0.11627907 0.20930232 0.023255814 0 0 0 0 0 0 0 0 0 0 0 0 0 0 0 0 0 0 0 0 0 0 0 0 0 0 0 0 0 0 0 0 0 0 0 0 0 0 0 0 0 0 0 0 0 0 0 0 0 0 0
0.7307692 0.23076923 0.26923078 0 0 0 0 0 0 0 0 0 0 0 0 0 0 0 0 0 0 0 0 0 0 0 0 0 0 0 0 0 0 0 0 0 0 0 0 0 0 0 0 0 0 0 0 0 0 0 0 0 0 0 0 0 0 0 0 0
0.3888889 0.22222222 0.16666667 0.11111111 0.22222222 0.11111111 0.33333334 0.16666667 0.16666667 0.16666667 0.22222222 0.16666667 0.22222222 0.055555556 0.16666667 0.11111111 0.11111111 0.11111111 0.16666667 0.2777778 0.22222222 0.16666667 0.22222222 0.16666667 0.11111111 0.16666667 0.11111111 0.11111111 0.11111111 0 0 0 0 0 0 0 0 0 0 0 0 0 0 0 0 0 0 0 0 0 0 0 0 0 0 0 0 0 0 0
0.625 0.16666667 0.20833333 0.083333336 0.125 0.083333336 0.125 0.083333336 0.083333336 0.041666668 0.125 0.083333336 0.041666668 0.083333336 0.125 0 0 0 0 0 0 0 0 0 0 0 0 0 0 0 0 0 0 0 0 0 0 0 0 0 0 0 0 0 0 0 0 0 0 0 0 0 0 0 0 0 0 0 0 0
0.5952381 0.30952382 0.14285715 0.14285715 0.16666667 0.23809524 0.16666667 0 0 0 0 0 0 0 0 0 0 0 0 0 0 0 0 0 0 0 0 0 0 0 0 0 0 0 0 0 0 0 0 0 0 0 0 0 0 0 0 0 0 0 0 0 0 0 0 0 0 0 0 0
0.675 0.175 0.15 0.15 0.125 0.15 0.15 0.225 0.05 0.1 0.1 0.0 0 0 0 0 0 0 0 0 0 0 0 0 0 0 0 0 0 0 0 0 0 0 0 0 0 0 0 0 0 0 0 0 0 0 0 0 0 0 0 0 0 0 0 0 0 0 0 0
0.7 0.1 0 0 0 0 0 0 0 0 0 0 0 0 0 0 0 0 0 0 0 0 0 0 0 0 0 0 0 0 0 0 0 0 0 0 0 0 0 0 0 0 0 0 0 0 0 0 0 0 0 0 0 0 0 0 0 0 0 0
0.6052632 0.078947365 0.078947365 0.23684211 0.15789473 0.21052632 0.13157895 0.05263158 0.078947365 0.34210527 0.078947365 0.13157895 0.13157895 0.05263158 0.23684211 0.05263158 0.078947365 0.18421052 0.18421052 0.10526316 0.21052632 0.18421052 0.0 0 0 0 0 0 0 0 0 0 0 0 0 0 0 0 0 0 0 0 0 0 0 0 0 0 0 0 0 0 0 0 0 0 0 0 0 0
0.7 0 0 0 0 0 0 0 0 0 0 0 0 0 0 0 0 0 0 0 0 0 0 0 0 0 0 0 0 0 0 0 0 0 0 0 0 0 0 0 0 0 0 0 0 0 0 0 0 0 0 0 0 0 0 0 0 0 0 0
0.7222222 0.22222222 0.16666667 0.11111111 0.33333334 0.11111111 0.22222222 0.33333334 0.44444445 0.22222222 0.11111111 0.11111111 0.16666667 0.22222222 0.11111111 0.22222222 0.16666667 0.11111111 0.16666667 0.11111111 0.16666667 0.22222222 0.0 0 0 0 0 0 0 0 0 0 0 0 0 0 0 0 0 0 0 0 0 0 0 0 0 0 0 0 0 0 0 0 0 0 0 0 0 0
0.47368422 0.42105263 0.21052632 0.10526316 0.31578946 0.21052632 0.42105263 0.21052632 0.21052632 0.36842105 0.2631579 0.2631579 0.21052632 0.36842105 0.21052632 0.21052632 0.31578946 0.36842105 0.31578946 0.2631579 0.2631579 0.31578946 0.31578946 0.21052632 0.2631579 0.21052632 0.21052632 0.21052632 0.31578946 0.21052632 0.15789473 0.21052632 0.36842105 0.2631579 0.15789473 0.2631579 0 0 0 0 0 0 0 0 0 0 0 0 0 0 0 0 0 0 0 0 0 0 0 0
0.65217394 0.2826087 0.23913044 0.2173913 0.19565217 0.4347826 0.19565217 0.23913044 0.23913044 0.26086956 0.08695652 0.13043478 0.2173913 0.26086956 0.1521739 0.17391305 0.17391305 0.10869565 0.2173913 0.26086956 0.19565217 0.19565217 0.17391305 0.26086956 0.19565217 0.02173913 0 0 0 0 0 0 0 0 0 0 0 0 0 0 0 0 0 0 0 0 0 0 0 0 0 0 0 0 0 0 0 0 0 0
0.7 0.45 0.15 0.15 0.15 0.15 0.25 0.15 0.15 0.1 0.2 0.15 0.1 0.2 0.25 0.05 0.15 0.1 0 0 0 0 0 0 0 0 0 0 0 0 0 0 0 0 0 0 0 0 0 0 0 0 0 0 0 0 0 0 0 0 0 0 0 0 0 0 0 0 0 0
0.875 0.375 0.375 0.25 0.375 0.25 0.375 0.375 0.25 0.25 0.375 0.375 0.5 0.125 0.25 0.375 0 0 0 0 0 0 0 0 0 0 0 0 0 0 0 0 0 0 0 0 0 0 0 0 0 0 0 0 0 0 0 0 0 0 0 0 0 0 0 0 0 0 0 0
0.7826087 0.26086956 0.39130434 0.08695652 0.47826087 0.26086956 0.3043478 0.26086956 0.2173913 0.26086956 0.3043478 0.17391305 0.17391305 0.2173913 0 0 0 0 0 0 0 0 0 0 0 0 0 0 0 0 0 0 0 0 0 0 0 0 0 0 0 0 0 0 0 0 0 0 0 0 0 0 0 0 0 0 0 0 0 0
0.61538464 0.30769232 0.15384616 0.23076923 0.23076923 0.30769232 0.3846154 0.23076923 0.15384616 0.15384616 0.07692308 0 0 0 0 0 0 0 0 0 0 0 0 0 0 0 0 0 0 0 0 0 0 0 0 0 0 0 0 0 0 0 0 0 0 0 0 0 0 0 0 0 0 0 0 0 0 0 0 0
0.5882353 0.47058824 0.23529412 0.23529412 0.11764706 0.05882353 0.1764706 0.11764706 0.4117647 0.1764706 0.1764706 0.1764706 0.1764706 0.3529412 0.23529412 0.23529412 0.11764706 0.1764706 0 0 0 0 0 0 0 0 0 0 0 0 0 0 0 0 0 0 0 0 0 0 0 0 0 0 0 0 0 0 0 0 0 0 0 0 0 0 0 0 0 0
0.125 0.104166664 0.4375 0.083333336 0.125 0.104166664 0.125 0.104166664 0.104166664 0.375 0.104166664 0.14583333 0.14583333 0.125 0.104166664 0.0 0 0 0 0 0 0 0 0 0 0 0 0 0 0 0 0 0 0 0 0 0 0 0 0 0 0 0 0 0 0 0 0 0 0 0 0 0 0 0 0 0 0 0 0
0.6333333 0.23333333 0.23333333 0.2 0.23333333 0.13333334 0.13333334 0.06666667 0.2 0.23333333 0.23333333 0.2 0.2 0.23333333 0.23333333 0.13333334 0.26666668 0.16666667 0.16666667 0.2 0.13333334 0.23333333 0.2 0.16666667 0.06666667 0 0 0 0 0 0 0 0 0 0 0 0 0 0 0 0 0 0 0 0 0 0 0 0 0 0 0 0 0 0 0 0 0 0 0
0.13793103 0.10344828 0.3448276 0.37931034 0.2413793 0.10344828 0.10344828 0.1724138 0.06896552 0.06896552 0.1724138 0.13793103 0.20689656 0.20689656 0.06896552 0.31034482 0.20689656 0.1724138 0.20689656 0.13793103 0.13793103 0.06896552 0.13793103 0.10344828 0.13793103 0.06896552 0.13793103 0 0 0 0 0 0 0 0 0 0 0 0 0 0 0 0 0 0 0 0 0 0 0 0 0 0 0 0 0 0 0 0 0
0.5625 0.25 0.20833333 0.29166666 0.27083334 0.25 0.22916667 0.20833333 0.1875 0.22916667 0.27083334 0.1875 0.125 0.27083334 0.22916667 0.125 0.22916667 0.14583333 0.3125 0.29166666 0.16666667 0.0 0 0 0 0 0 0 0 0 0 0 0 0 0 0 0 0 0 0 0 0 0 0 0 0 0 0 0 0 0 0 0 0 0 0 0 0 0 0
0.68292683 0.19512194 0.19512194 0.12195122 0.17073171 0.24390244 0.31707317 0.2195122 0.12195122 0.2195122 0.14634146 0.17073171 0.12195122 0.19512194 0.2682927 0.14634146 0.12195122 0.17073171 0.14634146 0.19512194 0.17073171 0.2195122 0.19512194 0.19512194 0.14634146 0.09756097 0.17073171 0.2 0.23333333 0.13333334 0.5 0.23333333 0.2 0.2 0.033333335 0.2 0.26666668 0.23333333 0.2 0.2 0.2 0.23333333 0.13333334 0.23333333 0.23333333 0.23333333 0.2 0.23333333 0.2 0.23333333 0.13333334 0.2 0.23333333 0.23333333 0.2 0.2 0 0 0 0
0.6666667 0.2777778 0.16666667 0.22222222 0.16666667 0.2777778 0.11111111 0.22222222 0.33333334 0.22222222 0.2777778 0.2777778 0.3888889 0.22222222 0.2777778 0.33333334 0.11111111 0.055555556 0.22222222 0.2777778 0.22222222 0.11111111 0.055555556 0 0 0 0 0 0 0 0 0 0 0 0 0 0 0 0 0 0 0 0 0 0 0 0 0 0 0 0 0 0 0 0 0 0 0 0 0
0.6666667 0.16666667 0.11111111 0.22222222 0.25 0.2777778 0.16666667 0.083333336 0.22222222 0.19444445 0.11111111 0.16666667 0.19444445 0.19444445 0 0 0 0 0 0 0 0 0 0 0 0 0 0 0 0 0 0 0 0 0 0 0 0 0 0 0 0 0 0 0 0 0 0 0 0 0 0 0 0 0 0 0 0 0 0
0.32142857 0.25 0.17857143 0.35714287 0.17857143 0.2857143 0.21428572 0.14285715 0.25 0.071428575 0.25 0.17857143 0.21428572 0.10714286 0 0 0 0 0 0 0 0 0 0 0 0 0 0 0 0 0 0 0 0 0 0 0 0 0 0 0 0 0 0 0 0 0 0 0 0 0 0 0 0 0 0 0 0 0 0
0.1923077 0.15384616 0.15384616 0.15384616 0.15384616 0.5769231 0.115384616 0.15384616 0.115384616 0.15384616 0.115384616 0.15384616 0.115384616 0.03846154 0.115384616 0.15384616 0.115384616 0.07692308 0.1923077 0.115384616 0.115384616 0.07692308 0.115384616 0.115384616 0.07692308 0.0 0 0 0 0 0 0 0 0 0 0 0 0 0 0 0 0 0 0 0 0 0 0 0 0 0 0 0 0 0 0 0 0 0 0
0.475 0.15 0.325 0.125 0.2 0.125 0.2 0.175 0.125 0.25 0.175 0.175 0.05 0.075 0.125 0.125 0.175 0.175 0.15 0.2 0.125 0.1 0.15 0.15 0 0 0 0 0 0 0 0 0 0 0 0 0 0 0 0 0 0 0 0 0 0 0 0 0 0 0 0 0 0 0 0 0 0 0 0
0.5277778 0.22222222 0.19444445 0.1388889 0.22222222 0.19444445 0.11111111 0.1388889 0.19444445 0.11111111 0.1388889 0.30555555 0.083333336 0.11111111 0.16666667 0.2777778 0 0 0 0 0 0 0 0 0 0 0 0 0 0 0 0 0 0 0 0 0 0 0 0 0 0 0 0 0 0 0 0 0 0 0 0 0 0 0 0 0 0 0 0
0.3220339 0.44067797 0.118644066 0.18644068 0.16949153 0.13559322 0.2542373 0.16949153 0.10169491 0.22033899 0.050847456 0.13559322 0.23728813 0.13559322 0.18644068 0.084745765 0.13559322 0.18644068 0.16949153 0.13559322 0.06779661 0.15254237 0.118644066 0.033898305 0 0 0 0 0 0 0 0 0 0 0 0 0 0 0 0 0 0 0 0 0 0 0 0 0 0 0 0 0 0 0 0 0 0 0 0
0.64102566 0.43589744 0.46153846 0.25641027 0.30769232 0.23076923 0.2820513 0.30769232 0.33333334 0.15384616 0.33333334 0.41025642 0.33333334 0.07692308 0.12820514 0.33333334 0.17948718 0.30769232 0.025641026 0 0 0 0 0 0 0 0 0 0 0 0 0 0 0 0 0 0 0 0 0 0 0 0 0 0 0 0 0 0 0 0 0 0 0 0 0 0 0 0 0
0.4074074 0.2037037 0.12962963 0.11111111 0.2777778 0.037037037 0.12962963 0.16666667 0.12962963 0.14814815 0.11111111 0.09259259 0.09259259 0.09259259 0.11111111 0.12962963 0.14814815 0.074074075 0.018518519 0.14814815 0.14814815 0.11111111 0.12962963 0.12962963 0.16666667 0.0 0 0 0 0 0 0 0 0 0 0 0 0 0 0 0 0 0 0 0 0 0 0 0 0 0 0 0 0 0 0 0 0 0 0
0.5675676 0.2972973 0.27027026 0.2972973 0.1891892 0.21621622 0.21621622 0.13513513 0.13513513 0.4054054 0.24324325 0.27027026 0.21621622 0.16216215 0.21621622 0.21621622 0.16216215 0.16216215 0.24324325 0.0 0.027027028 0.13513513 0.13513513 0.027027028 0 0 0 0 0 0 0 0 0 0 0 0 0 0 0 0 0 0 0 0 0 0 0 0 0 0 0 0 0 0 0 0 0 0 0 0
0.78571427 0.21428572 0.17857143 0.071428575 0.17857143 0.071428575 0.10714286 0.071428575 0.14285715 0.14285715 0.17857143 0.17857143 0.14285715 0.14285715 0.10714286 0.21428572 0.25 0.21428572 0.14285715 0.14285715 0.10714286 0 0 0 0 0 0 0 0 0 0 0 0 0 0 0 0 0 0 0 0 0 0 0 0 0 0 0 0 0 0 0 0 0 0 0 0 0 0 0
0.21428572 0.071428575 0.14285715 0.035714287 0.6785714 0.17857143 0.21428572 0.2857143 0.14285715 0.2857143 0.4642857 0.25 0.21428572 0.035714287 0.14285715 0.21428572 0.25 0.14285715 0.10714286 0.14285715 0.14285715 0.14285715 0.10714286 0.14285715 0.2857143 0.14285715 0.14285715 0.10714286 0.17857143 0.10714286 0.035714287 0.21428572 0.17857143 0.071428575 0.071428575 0.14285715 0.10714286 0.10714286 0.42857143 0 0 0 0 0 0 0 0 0 0 0 0 0 0 0 0 0 0 0 0 0
0.6585366 0.4878049 0.36585367 0.31707317 0.41463414 0.24390244 0.14634146 0 0 0 0 0 0 0 0 0 0 0 0 0 0 0 0 0 0 0 0 0 0 0 0 0 0 0 0 0 0 0 0 0 0 0 0 0 0 0 0 0 0 0 0 0 0 0 0 0 0 0 0 0
0.12 0.2 0.48 0.28 0.2 0.2 0.32 0.16 0.2 0.16 0.24 0.24 0.12 0.24 0.24 0.2 0.16 0.16 0.28 0.16 0.08 0.16 0.12 0 0 0 0 0 0 0 0 0 0 0 0 0 0 0 0 0 0 0 0 0 0 0 0 0 0 0 0 0 0 0 0 0 0 0 0 0
0.09375 0.34375 0.15625 0.15625 0.34375 0.4375 0.28125 0.21875 0.125 0.21875 0.21875 0.25 0.15625 0.21875 0.1875 0.1875 0.25 0.21875 0 0 0 0 0 0 0 0 0 0 0 0 0 0 0 0 0 0 0 0 0 0 0 0 0 0 0 0 0 0 0 0 0 0 0 0 0 0 0 0 0 0
0.60714287 0.25 0.21428572 0.21428572 0.21428572 0.32142857 0.21428572 0.25 0.14285715 0.14285715 0.21428572 0.2857143 0.14285715 0.035714287 0.035714287 0.21428572 0.14285715 0.25 0.035714287 0 0 0 0 0 0 0 0 0 0 0 0 0 0 0 0 0 0 0 0 0 0 0 0 0 0 0 0 0 0 0 0 0 0 0 0 0 0 0 0 0
