1
-0.75 8.46800006645
-0.736734693878 7.9353517397
-0.723469387755 7.45513561009
-0.710204081633 7.02013476492
-0.69693877551 6.62439606934
-0.683673469388 6.262965178
-0.670408163265 5.93168553778
-0.657142857143 5.62704405054
-0.64387755102 5.34605122971
-0.630612244898 5.08614717946
-0.617346938776 4.84512713024
-0.604081632653 4.62108194402
-0.590816326531 4.41235019212
-0.577551020408 4.2174792618
-0.564285714286 4.03519356763
-0.551020408163 3.86436839805
-0.537755102041 3.70400826526
-0.524489795918 3.55322887891
-0.511224489796 3.41124205524
-0.497959183673 3.27734301869
-0.484693877551 3.15089966482
-0.471428571429 3.03134344012
-0.458163265306 2.91816156138
-0.444897959184 2.81089035084
-0.431632653061 2.70910950459
-0.418367346939 2.61243714527
-0.405102040816 2.5205255368
-0.391836734694 2.43305735985
-0.378571428571 2.34974246438
-0.365306122449 2.27031502949
-0.352040816327 2.19453107204
-0.338775510204 2.12216625529
-0.325510204082 2.05301395605
-0.312244897959 1.98688355556
-0.298979591837 1.92359892443
-0.285714285714 1.86299707643
-0.272448979592 1.80492696948
-0.259183673469 1.74924843559
-0.245918367347 1.69583122365
-0.232653061224 1.6445541416
-0.219387755102 1.59530428596
-0.20612244898 1.54797634875
-0.192857142857 1.50247199265
-0.179591836735 1.45869928686
-0.166326530612 1.41657219678
-0.15306122449 1.37601012169
-0.139795918367 1.3369374752
-0.126530612245 1.29928330392
-0.113265306122 1.2629809404
-0.1 1.22796768675

2
-0.75 33.8720002658
-0.736734693878 30.14203374
-0.723469387755 26.9595309885
-0.710204081633 24.2244086959
-0.69693877551 21.8582765924
-0.683673469388 19.7990512079
-0.670408163265 17.9970644799
-0.657142857143 16.4122118141
-0.64387755102 15.0118343986
-0.630612244898 13.7691277234
-0.617346938776 12.6619322337
-0.604081632653 11.6718049102
-0.590816326531 10.7832997214
-0.577551020408 9.98340501586
-0.564285714286 9.26109999127
-0.551020408163 8.60700234111
-0.537755102041 8.01308631336
-0.524489795918 7.47245558225
-0.511224489796 6.97915911093
-0.497959183673 6.52804097218
-0.484693877551 6.11461717134
-0.471428571429 5.73497407589
-0.458163265306 5.38568423757
-0.444897959184 5.0637362938
-0.431632653061 4.76647632764
-0.418367346939 4.49155860064
-0.405102040816 4.23690398982
-0.391836734694 4.00066478633
-0.378571428571 3.78119477027
-0.365306122449 3.5770236799
-0.352040816327 3.38683535528
-0.338775510204 3.20944896634
-0.325510204082 3.04380283953
-0.312244897959 2.88894048138
-0.298979591837 2.74399846571
-0.285714285714 2.608195907
-0.272448979592 2.48082528764
-0.259183673469 2.36124444473
-0.245918367347 2.24886955234
-0.232653061224 2.14316896113
-0.219387755102 2.0436577781
-0.20612244898 1.94989308711
-0.192857142857 1.86146972541
-0.179591836735 1.77801654368
-0.166326530612 1.69919308793
-0.15306122449 1.62468664971
-0.139795918367 1.55420963902
-0.126530612245 1.48749724047
-0.113265306122 1.42430531829
-0.1 1.36440854083

3
-0.75 135.488001063
-0.736734693878 114.492996377
-0.723469387755 97.492030881
-0.710204081633 83.5912694435
-0.69693877551 72.1249530659
-0.683673469388 62.5905489798
-0.670408163265 54.6040965646
-0.657142857143 47.8689511244
-0.64387755102 42.1535751021
-0.630612244898 37.2755391407
-0.617346938776 33.0898495707
-0.604081632653 29.4803319896
-0.590816326531 26.3532013141
-0.577551020408 23.6322147718
-0.564285714286 21.2549835865
-0.551020408163 19.1701415779
-0.537755102041 17.3351536139
-0.524489795918 15.7146061601
-0.511224489796 14.2788641518
-0.497959183673 13.0030084405
-0.484693877551 11.8659897583
-0.471428571429 10.8499509544
-0.458163265306 9.93968089042
-0.444897959184 9.12217199985
-0.431632653061 8.38625996604
-0.418367346939 7.72232882215
-0.405102040816 7.1220684563
-0.391836734694 6.57827431309
-0.378571428571 6.08468123952
-0.365306122449 5.63582509052
-0.352040816327 5.22692700499
-0.338775510204 4.85379627625
-0.325510204082 4.51274853667
-0.312244897959 4.20053660497
-0.298979591837 3.91429184338
-0.285714285714 3.6514742698
-0.272448979592 3.40982998862
-0.259183673469 3.1873547601
-0.245918367347 2.98226273518
-0.232653061224 2.79295955041
-0.219387755102 2.61801911442
-0.20612244898 2.45616352876
-0.192857142857 2.3062456775
-0.179591836735 2.16723409553
-0.166326530612 2.03819978724
-0.15306122449 1.91830471893
-0.139795918367 1.80679175118
-0.126530612245 1.70297581269
-0.113265306122 1.60623614721
-0.1 1.51600948982

4
-0.75 541.952004253
-0.736734693878 434.895877709
-0.723469387755 352.554207614
-0.710204081633 288.448746671
-0.69693877551 237.988060622
-0.683673469388 197.866896775
-0.670408163265 165.67187193
-0.657142857143 139.617774113
-0.64387755102 118.368205158
-0.630612244898 100.911680547
-0.617346938776 86.4748068781
-0.604081632653 74.4606323448
-0.590816326531 64.4043323886
-0.577551020408 55.9409914889
-0.564285714286 48.7819295429
-0.551020408163 42.6971335145
-0.537755102041 37.5020983259
-0.524489795918 33.0478841993
-0.511224489796 29.2135425235
-0.497959183673 25.9003013653
-0.484693877551 23.0270692338
-0.471428571429 20.526934238
-0.458163265306 18.3444204757
-0.444897959184 16.4333245586
-0.431632653061 14.7549995812
-0.418367346939 13.276986396
-0.405102040816 11.9719161015
-0.391836734694 10.8166255484
-0.378571428571 9.79144107508
-0.365306122449 8.87959580178
-0.352040816327 8.06675348802
-0.338775510204 7.34061782519
-0.325510204082 6.69061053848
-0.312244897959 6.10760515263
-0.298979591837 5.58370597745
-0.285714285714 5.11206397771
-0.272448979592 4.68672284551
-0.259183673469 4.30248989656
-0.245918367347 3.95482744313
-0.232653061224 3.63976111622
-0.219387755102 3.35380226423
-0.20612244898 3.09388207992
-0.192857142857 2.85729552964
-0.179591836735 2.64165349953
-0.166326530612 2.44484185005
-0.15306122449 2.26498629464
-0.139795918367 2.10042220184
-0.126530612245 1.9496685706
-0.113265306122 1.81140555152
-0.1 1.68445498868

