-1.886949564059565034e+02 2.019354601320868312e+02
-1.196103977399019271e+02 -1.145764364701295790e+02
2.474926137068883918e+02 -1.235190319374521408e+02
3.000957868097057144e+02 6.792425556610839976e+01
-2.736632393615900938e+01 3.326372804069033577e+02
-2.822266532168900426e+02 -1.781810823047636632e+02
1.210029602184039135e+02 3.105199727420091804e+01
-2.748205924922181680e+02 2.934179592219540567e+01
1.261424073586556034e+02 -2.806556441008932552e+02
1.970932362341933697e+01 1.644936173058329985e+02
-7.653896911003933212e+01 -2.925164435472963760e+02
-8.087193346849328179e+01 4.039260071891451531e+01
1.877664472046961635e+02 2.370512174206943996e+02
4.792028744788905215e+01 -1.153795863864017974e+02
